block: SubstrateHeader { parent_hash: 
0xd0cc12da1769ddcf9dd5901253324baeec9f23a6f7ce4115afba06c9b3e62187, 
number: 2600, 
state_root: 0x470eef6500a3346d6a3b6b4567bbd3a5005b440ece72c04b199bdd105ee1fbe6, 
extrinsics_root: 0x45b73de2d2d5cb45ff0abee0976b482054c5a28292cb0b7b3c19dbce61053d6c, 
digest: 
Digest { logs: [PreRuntime([97, 117, 114, 97], [33, 210, 106, 8, 0, 0, 0, 0]), 
Consensus([82, 80, 83, 82], [104, 67, 176, 148, 49, 194, 44, 135, 212, 148, 13, 180, 76, 143, 202, 236, 88, 172, 178, 185, 188, 85, 146, 250, 7, 83, 167, 186, 122, 176, 240, 38, 49, 84]), 
Seal([97, 117, 114, 97], [236, 135, 90, 15, 228, 63, 232, 105, 57, 223, 234, 223, 205, 237, 187, 166, 137, 162, 149, 170, 58, 207, 191, 146, 102, 170, 115, 240, 121, 19, 242, 6, 47, 151, 123, 199, 203, 189, 194, 160, 28, 119, 145, 92, 158, 191, 96, 31, 181, 99, 255, 39, 144, 242, 90, 4, 12, 215, 46, 255, 3, 85, 40, 135])] } }, 
header: "d0cc12da1769ddcf9dd5901253324baeec9f23a6f7ce4115afba06c9b3e62187a128470eef6500a3346d6a3b6b4567bbd3a5005b440ece72c04b199bdd105ee1fbe645b73de2d2d5cb45ff0abee0976b482054c5a28292cb0b7b3c19dbce61053d6c0c06617572612021d26a08000000000452505352886843b09431c22c87d4940db44c8fcaec58acb2b9bc5592fa0753a7ba7ab0f026315405617572610101ec875a0fe43fe86939dfeadfcdedbba689a295aa3acfbf9266aa73f07913f2062f977bc7cbbdc2a01c77915c9ebf601fb563ff2790f25a040cd72eff03552887", 
extrinsics: "280401000bf6ca398f8a01"


block: SubstrateHeader { parent_hash: 
0xd0cc12da1769ddcf9dd5901253324baeec9f23a6f7ce4115afba06c9b3e62187, 
number: 2600, 
state_root: 0x470eef6500a3346d6a3b6b4567bbd3a5005b440ece72c04b199bdd105ee1fbe6, 
extrinsics_root: 0x45b73de2d2d5cb45ff0abee0976b482054c5a28292cb0b7b3c19dbce61053d6c, 
digest: 
Digest { logs: [PreRuntime([97, 117, 114, 97], [33, 210, 106, 8, 0, 0, 0, 0]), 
Consensus([82, 80, 83, 82], [104, 67, 176, 148, 49, 194, 44, 135, 212, 148, 13, 180, 76, 143, 202, 236, 88, 172, 178, 185, 188, 85, 146, 250, 7, 83, 167, 186, 122, 176, 240, 38, 49, 84]), 
Seal([97, 117, 114, 97], [236, 135, 90, 15, 228, 63, 232, 105, 57, 223, 234, 223, 205, 237, 187, 166, 137, 162, 149, 170, 58, 207, 191, 146, 102, 170, 115, 240, 121, 19, 242, 6, 47, 151, 123, 199, 203, 189, 194, 160, 28, 119, 145, 92, 158, 191, 96, 31, 181, 99, 255, 39, 144, 242, 90, 4, 12, 215, 46, 255, 3, 85, 40, 135])] } }, 
header: "d0cc12da1769ddcf9dd5901253324baeec9f23a6f7ce4115afba06c9b3e62187a128470eef6500a3346d6a3b6b4567bbd3a5005b440ece72c04b199bdd105ee1fbe645b73de2d2d5cb45ff0abee0976b482054c5a28292cb0b7b3c19dbce61053d6c0c06617572612021d26a08000000000452505352886843b09431c22c87d4940db44c8fcaec58acb2b9bc5592fa0753a7ba7ab0f026315405617572610101ec875a0fe43fe86939dfeadfcdedbba689a295aa3acfbf9266aa73f07913f2062f977bc7cbbdc2a01c77915c9ebf601fb563ff2790f25a040cd72eff03552887", 
extrinsics: "0401000bf6ca398f8a01"


